100 10 100
-14.380493 6.341951 2.260620 2.774600
1.843192 -3.652138 13.520302 3.592362
-2.052794 10.174953 13.715644 -18.901985
-4.671219 -6.710742 -16.793973 -2.686113
-3.000051 -14.216909 0.953019 -3.892963
11.453347 11.163319 -5.866878 18.013804
14.700709 10.732574 12.709146 -19.058977
13.055838 0.569103 4.866766 -14.056994
-10.914274 10.815220 -0.744997 4.834058
12.320803 -9.009364 5.882391 -0.188371
-10.574293 8.113708 -2.396066 -3.320530
27.588071 6.121663 -11.843589 1.785247
-9.716151 -8.989423 -3.026005 -11.919946
8.699013 -5.164477 -3.708101 16.511312
5.939586 4.392425 -7.742192 -0.232191
7.937234 14.932256 -8.373430 -0.522633
-13.676185 2.803049 2.370556 5.905969
-13.079706 -30.852871 1.068309 11.060728
7.700283 5.397874 11.463163 6.744384
9.042758 -13.294054 6.378827 6.637538
5.251642 -21.924303 -6.530968 -10.018531
-10.338207 -4.060411 -9.146670 -4.203192
-2.665469 -5.629313 -3.962746 -15.954402
-1.080577 -11.008412 -3.936344 14.905422
-1.652441 16.168412 2.507827 -2.465574
-9.055902 3.228906 -8.773273 -2.395549
-2.524000 4.895318 -1.251452 -7.729799
12.323261 6.008456 12.729631 2.859414
-3.791998 1.370546 0.977836 2.318734
-11.858444 -3.102545 -6.560095 3.028504
-7.115054 1.840806 -8.019219 -4.424808
-10.529247 -0.466525 -2.839792 -0.174136
-2.125638 -3.385468 -0.989372 11.506919
2.387300 1.866860 -0.941215 2.277677
9.430157 -5.522475 -0.751872 -13.377139
8.851951 -3.498026 -4.761683 -4.300056
1.033035 3.729212 -13.613570 2.384607
7.316671 6.454248 20.973065 25.256212
-0.984157 -8.006223 -7.035356 -9.656502
5.350018 -7.541841 -5.301675 0.455498
7.330605 5.382274 12.066674 18.110513
3.187187 5.542650 8.999304 9.308221
-9.645774 -0.672329 -17.301074 13.723363
-11.712093 -2.897162 -9.399449 -17.029994
-16.528679 -5.810685 6.516783 8.565073
9.705507 5.517615 16.175280 -4.190060
25.651261 -2.721763 -18.729101 -22.085310
-4.113286 24.044725 -7.339528 -6.004973
-13.093276 13.801498 -7.910241 9.867938
-22.486624 2.034568 13.892228 -1.801431
-20.286731 3.713957 20.839665 -0.446994
7.368821 -3.155981 7.174230 -2.630519
14.520401 -17.645276 6.419269 -9.369616
2.979557 7.475199 12.621096 -4.694352
3.369573 8.300574 -1.918504 -1.844690
4.653216 7.891966 -14.870747 -7.305638
-8.147354 15.329901 7.866203 2.482757
-4.456518 2.179831 -6.606189 -2.341188
2.979971 4.423506 -13.290835 -8.202462
3.328055 -17.007813 -3.691667 -0.775290
7.435383 -9.376725 3.226259 -1.847442
-2.014776 5.894569 -7.597136 1.345911
8.507928 0.532894 -20.247220 -0.330118
5.305153 -8.218551 9.351712 6.312166
-5.376613 -3.821346 0.533728 -17.081717
9.736819 0.979739 8.888723 -5.198908
12.176222 11.480304 -4.454967 -8.646613
27.801881 -14.367071 -6.448100 3.471691
-4.850932 -23.334054 -7.803137 8.124295
-0.058218 4.403126 9.328459 -11.210150
7.945781 -9.481421 -2.957751 1.903319
-6.675909 3.197660 14.453583 20.906939
5.093370 -6.062687 -2.763020 -6.999985
-9.056194 6.827338 6.788393 -10.640192
-3.308252 -17.398443 -19.811842 -8.319820
-8.941403 5.125990 2.548453 -0.506248
0.918918 7.650321 8.392645 15.694774
13.413929 -11.412976 1.261214 -5.404098
-6.517424 0.985549 -3.347022 8.969613
20.893850 -3.274061 -5.662476 -0.049539
6.374631 -1.453333 -2.370433 7.256256
14.853598 -2.614857 10.087682 -2.424227
3.053057 -10.535429 15.109953 1.727632
-4.639168 7.752765 9.708502 9.144534
9.955922 -6.145243 -4.787105 1.935181
22.271691 -3.421052 3.933832 13.489051
5.146306 -5.578863 -0.384174 -21.522619
12.292833 -4.115959 -24.093757 -10.465327
2.858477 -6.220399 10.297558 1.375225
12.726240 -1.786936 -8.173523 -2.077745
10.889311 4.087008 4.282988 -2.713331
-3.314530 -2.432786 -3.905621 11.499838
-13.076907 -11.783776 -1.322638 -6.514760
7.031406 -10.552905 -10.858014 -1.780630
13.945990 -0.172897 -10.048813 20.140564
5.896532 -4.642314 -7.317569 -12.036273
6.278759 0.337215 4.652260 -14.202322
20.239852 2.491027 -4.810979 -5.572539
3.215441 -4.566219 -5.024483 3.489543
6.233124 6.729766 20.843673 14.631067
7.281640 -4.176539 0.366830 -1.127838
12.218835 -14.151715 0.242163 -0.641228
6.082660 4.613765 -0.123139 0.836391
-9.375502 17.907061 0.384143 -1.242134
-0.107509 -0.679112 -0.309096 -0.911499
1.390008 -12.890118 0.887517 0.289660
3.618078 -3.971450 -0.785714 -0.448119
-4.699841 -14.105251 -0.503377 -1.312521
0.606124 3.117262 1.236570 -0.291199
13.726776 0.166021 0.359986 -0.192039
p 9
p 6
p 0
u 0.958648
u 0.646274
u 0.726537
u 0.463342
p 2
u 0.618513
u 0.580047
p 1
u 0.421582
u 0.072087
p 8
p 3
u 0.404863
u 0.802264
u 0.516132
p 9
p 8
p 8
p 2
p 2
u 0.345283
p 1
p 0
p 4
u 0.165479
u 0.867755
p 2
u 0.239868
u 0.356740
u 0.390418
p 8
u 0.676149
p 2
p 0
p 2
p 0
p 0
u 0.287558
u 0.159725
p 9
p 6
p 6
u 0.532329
u 0.344789
u 0.078808
p 0
p 8
u 0.056877
p 5
p 7
p 1
p 8
p 5
p 4
u 0.162662
u 0.072319
p 7
u 0.812927
u 0.008632
u 0.523043
p 3
u 0.590498
u 0.960565
p 8
p 4
p 7
u 0.507366
u 0.710212
p 7
p 6
u 0.352159
p 0
u 0.645747
u 0.395904
u 0.447667
u 0.037385
u 0.947376
p 7
p 4
u 0.947537
p 1
p 4
p 1
u 0.416938
p 0
u 0.194385
u 0.294275
u 0.207396
u 0.185477
p 8
p 4
p 1
p 7
p 4
u 0.067268
p 7
p 8
